9788954921244 
9788967433055 
9788967433062 
9788935703692 
9788971846933 
9788993834154 
9788990562432 
9788962605822 
9788995233641 
9788992448192 
9788968772245 
9788927405443 
9788966214440 
9788994842288 
9788998366056 
9788980692736 
9788980692699 
9788973009831 
9788925133270 
9788989370840 
9788994006598 
9788994648491 
9788994006727 
9788925133232 
9788990843746 
9788956358727 
9788928012367 
9788960774476 
9788994295541 
9788994295534 
9788997311231 
9788997311224 
9788997311217 
9788926843642 
9788926843178 
9788997776634 
9788997311200 
9788926843529 
9788997569298 
9788998074463 
9788998074470 
9788966809813 
9788997569274 
9788983967947 
9788983968197 
9788997311194 
9788967306069 
9788997311187 
9788946418431 
9788999202001 
9784091242846 
9780199608362 
9780553840957 
9784624410964 
9783642785788 
9780199765959 
9780415675475 
9780415493932 
9789810677947 
9784047289680 
9784798038247 
9784587032944 
9784751108154 
9784091928313 
9784047283879 
9784041207352 
9784488101107 
9784488101114 
9784488101138 
9784594060046 
9784807294794 
9784798037288 
9784488027193 
9784758412131 
9784847065231 
9784636884432 
9784636891911 
9784860673789 
9784757122512 
9784010947548 
9784309470016 
9784309616018 
9784904205044 
9784533092107 
9784063758702 
9784091215789 
9784091216199 
9784091217288 
9784091220219 
9784863240568 
9784091220455 
9784091221933 
9784091223333 
9784861821042 
9784264031024 
9784839945787 
9784063757989 
9784063757996 
9784579211883 
9784046534217 
9784592710554 
9784000259026 
9784529052115 
9784835622248 
9784091243232 
9780552564878 
9780099577720 
9781406344844 
9781406344851 
9781406344875 
9781406344882 
9781406347913 
9781623540128 
9781406351057 
9781406351033 
9782081265547 
9782733823569 
9782070447442 
9782733821343 
9782501085120 
9780071744508 
9780756686079 
9781613771501 
9783642116032 
9784765543583 
9784861907166 
9788998336790 
9788958191421 
9788958191438 
9788958191469 
9788958191445 
9788997113064 
9788997113071 
9788997113057 
9788993453096 
9788993453119 
9788995107836 
9788996955702 
9788963030487 
9788976758392 
9788968340307 
9780521884372 
9781575866130 
9781575866123 
9781107001886 
9780262515856 
9781421404714 
9781421405520 
9781421406985 
9781421405568 
9781421406947 
9780262016087 
9780691139906 
9780691145303 
9780691147758 
9780691146850 
9780691136738 
9780691149424 
9780691149431 
9780691149042 
9780691142111 
9780691149721 
9780691149738 
9780521766067 
9780521279482 
9781841503776 
9781421401454 
9781421405339 
9781421400815 
9781107005037 
9780521182041 
9781589662209 
9780226542232 
9780226449357 
9780226850818 
9781107000162 
9781107004153 
9781107005846 
9780300125658 
9780195381009 
9781107002289 
9783858812544 
9780876332344 
9780691129136 
9780691129143 
9780691149448 
9780691149455 
9780199845385 
9780691153483 
9780691152998 
9780521897501 
9781107002586 
9780521119429 
9780521518062 
9780521172554 
9780226645773 
9780226645780 
9781421400792 
9781421405537 
9781107003026 
9788763531696 
9781107001879 
9780521116442 
9780691151588 
9780691153520 
9781935195191 
9781906497804 
9780226989396 
9781906497309 
9781609090548 
9780691149288 
9780691153711 
9780691135502 
9780300169348 
9780691142517 
9780691144665 
9788996876168 
9788996972303 
9788996856115 
9788996856122 
9788996856139 
9788996856146 
9788996856153 
9788996856160 
9788996856177 
9788996856184 
9788996856191 
9788998254001 
9788994050775 
9788994050782 
9788994050799 
9788994050645 
9788998359065 
9788998359058 
9788996890324 
9788961426114 
9788961426121 
9788997464319 
9788997464302 
9788997464296 
9788928307418 
9788952769459 
9788955082142 
9788997735242 
9788954621496 
9788950925277 
9788936624712 
9788962630961 
9788964653838 
9788954621625 
9788952769381 
9788901157368 
9788901157375 
9788964653845 
9788996669548 
9788926761663 
9788997170111 
9788952769404 
9788994813455 
9788968040023 
9788993536362 
9788961428620 
9788965481157 
9788997132348 
9788926761595 
9788997311170 
9788994945194 
9788961428613 
9788926761601 
9788997385317 
9782012382480 
9784840151917 
9784052037986 
9784805439418 
9784052036965 
9784387130260 
9784774156910 
9784780412857 
9784780412864 
9784591132951 
9784591132968 
9784591132975 
9784591132982 
9784591133002 
9784591133019 
9784591133026 
9784591133033 
9784591133040 
9784591133590 
9788900238297 
9788900238334 
9788900238303 
9788983924858 
9788952769473 
9788993117257 
9788928307722 
9788994700571 
9788962815016 
9788962815023 
9788997345069 
9788927902614 
9788965460879 
9788979985856 
9788994801650 
9788968310577 
9788963709802 
9788961471794 
9788979985825 
9788967186845 
9788979985757 
9788970773780 
9788970773742 
9788979985764 
9788979985740 
9788979985894 
9788980008797 
9788980008803 
9788979985788 
9788998940010 
9788974148614 
9788974183097 
9788956401782 
9788974183080 
9788963524054 
9788960395244 
9788967753641 
9788954728065 
9788998457075 
9788996136323 
9788954728041 
9788954728034 
9788954728027 
9788975753497 
9788967903954 
9788975753350 
9788962255041 
9788926730669 
9788926730379 
9788993635393 
9788994707839 
9788997585830 
9788960781580 
9788900342246 
9788900342253 
9788968240041 
9788964549629 
9788989390985 
9788965460862 
9788992505307 
9788968315985 
9788968311765 
9788979985689 
9788968313318 
9788979985733 
9788994228716 
9788979985719 
9788968314407 
9788979985696 
9788979985726 
9788997400287 
9788994801674 
9788994801667 
9788979985832 
9788979985849 
9788979985818 
9788979985795 
9788979985771 
9788979985863 
9788979985887 
9788979985801 
9788950305727 
9788997875368 
9788997296309 
9788962894578 
9788954728072 
9788954728058 
9788979444209 
9788926115428 
9788926115435 
9788926115411 
9788926115404 
9788972364092 
9788971390887 
9784844375616 
9784876362578 
9784642031462 
9784916087928 
9784497207135 
9784582854817 
9784787232878 
9781608871810 
9781555707668 
9781598746716 
9784620321677 
9784641042896 
9784872996340 
9784502481208 
9784791766437 
9784827112061 
9784750338101 
9784865030013 
9784130262330 
9784905427414 
9784822337254 
9784062174237 
9784417015932 
9784769826330 
9784759813517 
9784474028593 
9784569809892 
9784130301565 
9784406026024 
9784198636029 
9784806528975 
9784754719715 
9784757123113 
9784901622677 
9784864790239 
9784863760295 
9784571420498 
9784385365305 
9784495198619 
9784657130037 
9784474028951 
9784883521968 
9784885554162 
9784822337261 
9784588603303 
9784535983854 
9784794424082 
9784322123234 
9784762023347 
9784788806832 
9784324096451 
9784766420340 
9784023311725 
9784812213179 
9784623065639 
9784860650742 
9784589035073 
9784794414519 
9784792319731 
9784322123074 
9784885554148 
9784762023583 
9784904208236 
9784944021734 
9784623065417 
9784623065318 
9784990653002 
9784905427391 
9784812703267 
9784000258999 
9784785720773 
9784502475207 
9784641144453 
9784000258968 
9784417015949 
9784882602439 
9784502065408 
9784797256147 
9784759919943 
9784326546305 
9784406056199 
9784324096680 
9784760888016 
9784754719784 
9784788806849 
9784785720827 
9784838720101 
9784422300474 
9784641164062 
9784905261117 
9781409432067 
9784944021758 
9784767001982 
9784797225761 
9784641177185 
9784621086773 
9784502068706 
9784905217114 
9784623066407 
9784474028920 
9784863952317 
9784250212062 
9784478024560 
9784623065646 
9784538490427 
9784845232819 
9784905427377 
9784641184121 
9784785720711 
9784990476823 
9784906902118 
9780838911709 
9781609184964 
9781462509614 
9781555707606 
9780809332878 
9784122057487 
9784122057531 
9784582544442 
9784806146261 
9784806146124 
9784806146230 
9784561761990 
9784000246804 
9784526070099 
9784502467301 
9784502463907 
9784761269036 
9784426116538 
9784782533659 
9784623066018 
9784623065028 
9784405120006 
9784860635770 
9784860635800 
9784797370751 
9784813245407 
9784344999053 
9784344999190 
9784863451513 
9784474028647 
9784840660464 
9780300191769 
9780300191806 
9781419705946 
9780759113398 
9780199916320 
9789888139583 
9780199892884 
9780840028662 
9780840029188 
9781597267021 
9781285075518 
9780840028648 
9780300181210 
9781770851924 
9781849519403 
9781845844486 
9780061725418 
9781742703824 
9781250034014 
9780230115712 
9781846433399 
9781438000114 
9780321840745 
9781597112130 
9780316181013 
9780307953896 
9781439586129 
9781565235090 
9781439856352 
9780761856191 
9781620297094 
9780230341807 
9781107032620 
9780143107071 
9780545517515 
9781402787836 
9780415898942 
9780714864266 
9780714864495 
9780714864518 
9780714864280 
9780714864273 
9780714864532 
9780857291479 
9780714864594 
9780307718037 
9781854597106 
9780199812950 
9781890774707 
9780262518130 
9784834735925 
9784091630124 
9784800209542 
9784800212498 
9780822352365 
9780545349239 
9780545349215 
9784041104811 
9784041104828 
9784041207086 
9784582762921 
9780887363146 
9780838910900 
9784899890973 
9780840029119 
9781585036509 
9780744013566 
9780226922416 
9788992803533 
9788970122120 
9788963740515 
9788952769374 
9788998342067 
9788904164233 
9788959195534 
9788956466729 
9788965744023 
9788965744030 
9788965744047 
9788996837251 
9788956466736 
9788950925284 
9788926394465 
9788967753658 
9788975276712 
9788967753665 
9788926394472 
9788934963264 
9788934963271 
9788926394489 
9788925133287 
9788934963295 
9788934963288 
9788925133263 
9788925133256 
9788994054391 
9788925889160 
9788996732495 
9788925896946 
9788968311550 
9788925133294 
9788998328238 
9788942517992 
9788994803203 
9788954621717 
9788962848274 
9788962848267 
9788962848250 
9788990926753 
9788996642541 
9788900346053 
9788966864652 
9788966864669 
9788900346039 
9788966864676 
9788966864683 
9788966864164 
9788928310104 
9788928310128 
9788968500251 
9788968500282 
9788966865260 
9788968500299 
9788968500305 
9788968500312 
9788968500329 
9788968500336 
9788988321539 
9788988321546 
9788966866069 
9788966866045 
9788966865239 
9788900342536 
9788999202193 
9788999202209 
9788981103149 
9788900342529 
9788900347326 
9788968772283 
9788992803564 
9788992210898 
9788900347333 
9788968772252 
9788966865253 
9788974113568 
9788926730447 
9788992864190 
9788955726855 
9788925886824 
9788925889504 
9788982719714 
9788962894585 
9788966804368 
9788994136967 
9788958074366 
9788957365717 
9788964496329 
9788962848281 
9788900346046 
9788900346060 
9788996642558 
9788976504104 
9788996642589 
9788966864171 
9788966864188 
9788966864195 
9788961223188 
9788998886301 
9788998886325 
9788973812967 
9788987023915 
9788926966938 
9788949118505 
9788968190094 
9788928310050 
9788954250887 
9788994465166 
9788928310074 
9788968190124 
9788968190100 
9788968190186 
9788968190001 
9788941913115 
9788928310098 
9788928310111 
9788928310067 
9788928310081 
9788928310012 
9788968772290 
9788928310029 
9788928310036 
9788928310043 
9788968772276 
9788968772160 
9788931007428 
9788989236832 
9788997821303 
9788985583213 
9788998375089 
9788966865246 
9788960400719 
9788966866038 
9788966866052 
9788936019464 
9788936019457 
9788936019440 
9788996691440 
9788926730430 
9788949909431 
9788949909448 
9788927804499 
9788926334584 
9788926335086 
9788961770729 
9788970596907 
9788939222106 
9788966179367 
9780470542095 
9781611227314 
9781461432678 
9780470647707 
9781409439073 
9783126754446 
9780810882553 
9783161521973 
9783161516856 
9783161519369 
9784782704745 
9781443840309 
9781443839051 
9781443837927 
9781443837804 
9781443837477 
9781443836692 
9781443836579 
9781443836548 
9781443836418 
9781443836340 
9781443830034 
9781408248300 
9781408237595 
9781408229224 
9781443841962 
9781443841931 
9781443840538 
9781443840361 
9781443840170 
9781443839860 
9781443837453 
9781443828550 
9781447900795 
9781447900764 
9781447900733 
9781408295465 
9781408295434 
9781408295403 
9781408295373 
9781408295342 
9781408295281 
9781408271834 
9781408271803 
9781408271773 
9781408271742 
9781408271711 
9781408271551 
9781408271049 
9781408267806 
9781408266564 
9781405874274 
9781447905141 
9780273772422 
9781408269510 
9781405846325 
9780273727644 
9781408284780 
9781443837156 
9780199582006 
9781405873406 
9780273758839 
9781443839853 
9781443839815 
9781443826716 
9780273757689 
9780273764489 
9783838127378 
9789027213051 
9784412015135 
9783257063592 
9783257066210 
9783257064810 
9783205787402 
9784822274160 
9784641115873 
9784762023705 
9784284503235 
9784906829064 
9784895144025 
9784842916026 
9784907244002 
9784787210500 
9784758921824 
9784641144460 
9784900590984 
9784901496674 
9784587036874 
9784779507502 
9784864640664 
9784822337223 
9784822337230 
9784754719876 
9784884110635 
9784863261464 
9784846012274 
9784787713070 
9784805837986 
9784502470202 
9784817840752 
9784902131246 
9784892402173 
9784875115526 
9784875115656 
9784785720766 
9784860034085 
9784539723173 
9784771024359 
9784532355555 
9784842915913 
9784589034915 
9784623066353 
9784062182973 
9784474028937 
9784623065219 
9784496049668 
9784883391929 
9784780306101 
9784788513235 
9784130634021 
9784762023729 
9784798901657 
9784562048304 
9784307070928 
9784502480508 
9784829973011 
9784780306163 
9784284306256 
9784876363612 
9784540122644 
9784780306033 
9784904022870 
9784589034861 
9784254435443 
9784326450978 
9784762023460 
9784904208199 
9784990247447 
9784915668456 
9784775520161 
9784763406613 
9784284503204 
9784862511515 
9784641124950 
9784771024557 
9784900702318 
9784589035059 
9784532134341 
9784501628208 
9784324096529 
9784771024304 
9784419059583 
9784883724505 
9784750337807 
9784787233530 
9784384045444 
9784779507557 
9784784518197 
9784881772898 
9784779507267 
9784750338026 
9784798901664 
9784623066322 
9784862511508 
9784750337616 
9784623066230 
9784805721803 
9784897614601 
9784588625244 
9784491029221 
9784829505847 
9784324092347 
9784905427421 
9784771024441 
9784817840721 
9784944021741 
9784938467241 
9784767001975 
9784585200215 
9784898316771 
9784385320779 
9784062182997 
9784792319816 
9784303563202 
9784750337241 
9784623066209 
9784905427384 
9784905427360 
9784905285144 
9784905859239 
9784322123043 
9784887860469 
9784904794241 
9789400752122 
9788847026902 
9784621085967 
9784896100990 
9780415833189 
9783658008505 
9789400751514 
9781447142546 
9783658013455 
9783642152887 
9783658008703 
9783658011673 
9783642340550 
9783658009175 
9789400761988 
9789400760578 
9783642330803 
9781461465362 
9781461467403 
9783642324048 
9783642324116 
9783642324154 
9783642331930 
9783642349188 
9789400750944 
9789400760660 
9789400761063 
9783642281563 
9783642325007 
9783642352386 
9788132209898 
9789400757806 
9783642359286 
9789400724877 
9783642339165 
9783642320118 
9781475802924 
9781442223042 
9781442213494 
9781442218314 
9781442216440 
9780742556935 
9783190129720 
9789027206398 
9789027243485 
9780739178584 
9780739177211 
9780739142868 
9780739177785 
9783803126986 
9781430250227 
9783126756242 
9783126756648 
9783126754415 
9783126756358 
9783126756914 
9783126756952 
9783126756785 
9783126756976 
9783126754996 
9783126756822 
9781607509950 
9781607507437 
9781844655465 
9781781906354 
9781781907801 
9781781906033 
9789041147837 
9783492228824 
9783492238045 
9783492242752 
9780810884458 
9781844642397 
9781781905371 
9784641907973 
9781580893657 
9781780576329 
9783525490600 
9784777613465 
9783424350579 
9781588268709 
9784431542810 
9783899554878 
9784431543275 
9784478024256 
9784478024058 
9784274504082 
9784384045284 
9784384045307 
9784791621026 
9784764904361 
9784535519718 
9784641048119 
9784641164086 
9784561652021 
9784894349001 
9784828417011 
9784826505765 
9784502478109 
9784502474705 
9784502467509 
9784502470806 
9784502466601 
9784873266220 
9784130421393 
9784830947896 
9784768457009 
9784805837795 
9784880376004 
9784623065011 
9784623065400 
9784623063192 
9784495198312 
9784495194529 
9784833420341 
9784798127910 
9784797233483 
9784863751828 
9784798037646 
9784798037417 
9784798037073 
9784905345374 
9784905345299 
9784434171727 
9784894515529 
9784881242742 
9784806528722 
9784901998895 
9784864880138 
9784863290860 
9784863290853 
9784901731171 
9784434175169 
9784434177170 
9784532261832 
9784532261856 
9784532112769 
9784532355562 
9784532355517 
9784434175992 
9784344999107 
9784344999091 
9784905172086 
9784903991825 
9784799102190 
9784906932009 
9784474027831 
9784901864626 
9781447143802 
9780007529698 
9780230528819 
9781409539704 
9783527760220 
9781405895439 
9784876363452 
9784384045390 
9780955816932 
9780071781206 
9780273731801 
9780007140060 
9780281060900 
9781856269308 
9783791348278 
9784881669716 
9783473315444 
9783473316342 
9783473316366 
9783473433186 
9780435308124 
9781444177701 
9781849760423 
9781780750033 
9783426627082 
9781408108390 
9781857150360 
9783411714643 
9783411714841 
9783411715831 
9783411715930 
9780307897077 
9781119991427 
9780007500925 
9780140887808 
9783642350870 
9781466555099 
9781408172032 
9780199552078 
9781844679706 
9781472528667 
9780754645559 
9781591473015 
9783125148673 
9780745955988 
9780141193182 
9781849532532 
9780874875454 
9783596194261 
9780670084159 
9783462044195 
9783836535939 
9781408173350 
9780073512204 
9780826468987 
9780826468994 
9781408221143 
9781844807451 
9780837613314 
9780071749695 
9781848313064 
9780199766239 
9780230708600 
9780521221689 
9781409136279 
9780486488554 
9784897377407 
9781906756055 
9783642210662 
9781613210741 
9781621000556 
9781111532871 
9780071817721 
9780071772785 
9781594773747 
9781452274201 
9781926895284 
9781614290384 
9781616690106 
9784344420243 
9784344420267 
9784003319444 
9784006022235 
9784006032609 
9784907237172 
9784048917148 
9784059008415 
9784062775724 
9784062775731 
9784062921763 
9784062921787 
9784121504562 
9784121504579 
9784121504586 
9784309283821 
9784334765781 
9784396338442 
9784344420250 
9784480067234 
9784344420274 
9784391143201 
9784405018129 
9784405086715 
9784405092457 
9784413044004 
9784413095747 
9784415314969 
9784479304364 
9784479304371 
9784480067210 
9784480067227 
9784575515879 
9784806147619 
9784800212412 
9784579211876 
9784806147688 
9784806147725 
9784022744654 
9784800211880 
9784800212191 
9782501060165 
9787020087914 
9787538660111 
9787513312103 
9787101052770 
9787101055184 
9787101055641 
9781936740048 
9784434178658 
9780007429264 
9784573030961 
9784642057653 
9780865716674 
9780141333335 
9781851775590 
9783577075954 
9781443840583 
9780007457205 
9780062205988 
9780062241740 
9780062267726 
9780194739382 
9780199561919 
9780199579914 
9780199583683 
9780199605392 
9780199658879 
9780199659326 
9780199659968 
9780199668151 
9780231162234 
9780314934345 
9780393088960 
9780415654456 
9780435993399 
9780435995140 
9780470684443 
9780495813163 
9780500543870 
9780691159300 
9780753718155 
9780763649630 
9780764342158 
9780794606374 
9780794606473 
9780794606640 
9780794606657 
9780794606664 
9780812993844 
9780841226814 
9780847838530 
9780847839599 
9780847839612 
9780847839643 
9780847839674 
9780847839889 
9780847840052 
9780847840472 
9780847840540 
9780847841875 
9780852928158 
9780865977624 
9781111840617 
9781111970222 
9781133191421 
9781409331292 
9781423622857 
9781428112780 
9781443837415 
9781560215103 
9781603202091 
9781608872190 
9781742205946 
9781742209630 
9781743210215 
9781743214091 
9781743214169 
9781743214176 
9781743214183 
9781743214268 
9781743214794 
9781743215050 
9781780551586 
9781843094449 
9781843096160 
9781847887825 
9781848177208 
9781864704518 
9782035865892 
9782203010284 
9782203010499 
9782203326132 
9782203377103 
9782203377110 
9782203377196 
9782266152150 
9782501087322 
9782707314536 
9782812304132 
9782894507315 
9783037681268 
9783126756891 
9783464207758 
9783464208137 
9783464208144 
9783464208175 
9783464208465 
9783464208823 
9783531179643 
9783787319480 
9783866786561 
9783899861747 
9783938780435 
9783938780534 
9784568504125 
9788080852979 
9788080854355 
9788415391203 
9788415391265 
9788415391364 
9788477119548 
9788496942967 
9788497786706 
9788497786713 
9788497786720 
9788498482584 
9788498483420 
9789812308467 
9789812308917 
9789812456267 
9789812457974 
9789812459824 
9789881973597 
9789889876661 
9789889935399 
9789899782501 
